nohup: ignoring input
[24/02/15 18:09:58] [conf.py:  281]: PyTorch Version: torch=1.10.0, cuda=11.3, cudnn=8200
[24/02/15 18:09:58] [conf.py:  283]: ACTIVE:
  ADDENDUM: 0
  ALPHA: 1.0
  AUGMENT: None
  BETA: 1.0
  BUDGET: 5000
  CUTMIX_PROB: 0.0
  CYCLES: 1
  INITIAL: 4500
  LA: False
  METHOD: random
  PRETRAINED_PATH: /home/ankita/scratch/MSA_results/ckpts/resnet50-imagenet1k.pth
  TEMP: 1.0
  TRO: 1.0
  USE_PRETRAINED: True
  VAL: 500
AM:
  SGR: 1000
  THRESHOLD: 0.5
CUDNN_BENCHMARK: True
DS_SEED: 123
EDM:
  HASH: /home/harsh_s/scratch/msacopy/exp/hash/alpha.pt
  NUM_MODELS: 5
  PATH1: /home/harsh_s/scratch/msacopy/exp/cifar10/alpha/T0.pt
  PATH2: /home/harsh_s/scratch/msacopy/exp/cifar10/alpha/T1.pt
  PATH3: /home/harsh_s/scratch/msacopy/exp/cifar10/alpha/T2.pt
  PATH4: /home/harsh_s/scratch/msacopy/exp/cifar10/alpha/T3.pt
  PATH5: /home/harsh_s/scratch/msacopy/exp/cifar10/alpha/T4.pt
GR:
  EPSILON: 0.1
  SUR_PATH: /home/harsh_s/scratch/msacopy/GRAD2/batch_training/outputs/trained_models/imagenet_cifar10_to_cifar10_surrogate_10epochs.pt
LOG_DEST: radformer_gbusv_240215_180958.txt
LOG_TIME: 240215_180958
METHOD_NAME: soft_corrected_alpha_1_temp_1
OUT_DIR: results
RNG_SEED: 1
SAVE_DIR: results/gbusg_radformer/GBUSV_resnet50/SGD/5000_val500/random_soft_corrected_alpha_1_temp_1
THIEF:
  ARCH: resnet50
  DATASET: GBUSV
  DATA_ROOT: /home/ankita/scratch/Datasets/GBUSV-Shared
  HARD_LABELS: False
  NUM_TRAIN: 1281167
  SUBSET: 128116
TRAIN:
  BATCH: 128
  EPOCH: 50
  GAMMA: 0.1
  LR: 0.02
  MILESTONES: [60, 120, 180]
  MOMENTUM: 0.9
  OPTIMIZER: SGD
  WDECAY: 0.0005
VICTIM:
  ARCH: radformer
  DATASET: gbusg
  DATA_ROOT: /home/ankita/scratch/Datasets/GBCU-Shared
  HEIGHT: 224
  PATH: victim_models/radformer/radformer.pkl
  PATHIN: /home/harsh_s/scratch/msacopy/ckpts/cifar10-resnet32-inaccurate/checkpoint.pth.tar
  WIDTH: 224
Loaded target dataset of size 122 with 3 classes
target model keys:  695
checkpoint keys:  695
specificity = 72/80
sensitivity = 39/42

Target model acc = 0.9016393442622951
Val-Acc: 0.9016 Val-Spec: 0.9000 Val-Sens: 0.9286
/home/ankita/scratch/Datasets/GBUSV-Shared/all_names.pkl
Num of videos 64 frames 15800
/home/ankita/scratch/Datasets/GBUSV-Shared/all_names.pkl
Num of videos 64 frames 15800
replacing labeled set labels with victim labels
  0%|          | 0/36 [00:00<?, ?it/s]  3%|▎         | 1/36 [00:04<02:43,  4.67s/it]tensor([[9.0093e-06, 2.1939e-01, 7.8060e-01],
        [9.9956e-01, 1.2555e-05, 4.3017e-04],
        [6.5453e-06, 2.2798e-03, 9.9771e-01],
        [6.6957e-07, 4.3264e-05, 9.9996e-01],
        [1.5236e-06, 8.2454e-06, 9.9999e-01],
        [2.6736e-03, 9.9452e-01, 2.8022e-03],
        [6.9156e-06, 8.2158e-05, 9.9991e-01],
        [3.8999e-06, 1.9048e-06, 9.9999e-01],
        [1.7381e-03, 2.3749e-02, 9.7451e-01],
        [3.1927e-05, 5.6754e-01, 4.3243e-01],
        [5.7207e-05, 1.8658e-05, 9.9992e-01],
        [6.5137e-06, 3.4561e-05, 9.9996e-01],
        [9.9826e-01, 1.7366e-03, 9.8365e-07],
        [2.0451e-05, 1.3332e-01, 8.6666e-01],
        [6.0228e-06, 5.1509e-05, 9.9994e-01],
        [5.7521e-01, 4.2432e-01, 4.7399e-04],
        [1.2709e-05, 6.7499e-04, 9.9931e-01],
        [4.9839e-03, 2.3181e-03, 9.9270e-01],
        [1.6593e-06, 1.0248e-04, 9.9990e-01],
        [1.2614e-04, 8.8047e-01, 1.1941e-01],
        [4.9350e-05, 4.6543e-07, 9.9995e-01],
        [9.9996e-01, 2.5810e-05, 1.9079e-05],
        [1.5895e-06, 7.4800e-05, 9.9992e-01],
        [1.2892e-05, 7.6117e-05, 9.9991e-01],
        [3.3202e-05, 2.8921e-02, 9.7105e-01],
        [4.5738e-04, 4.2256e-05, 9.9950e-01],
        [8.2019e-06, 2.7697e-06, 9.9999e-01],
        [6.8183e-07, 1.6463e-04, 9.9983e-01],
        [1.0337e-05, 8.9344e-07, 9.9999e-01],
        [9.8743e-01, 1.2472e-03, 1.1324e-02],
        [4.6768e-06, 1.1490e-05, 9.9998e-01],
        [1.9813e-06, 1.9960e-06, 1.0000e+00],
        [2.1638e-03, 2.8583e-01, 7.1200e-01],
        [2.7820e-04, 3.9396e-03, 9.9578e-01],
        [1.4023e-03, 6.2993e-04, 9.9797e-01],
        [1.0201e-05, 2.6770e-04, 9.9972e-01],
        [1.5738e-04, 2.3003e-04, 9.9961e-01],
        [3.7793e-05, 2.4897e-04, 9.9971e-01],
        [4.1519e-05, 9.9993e-01, 2.5357e-05],
        [3.3380e-02, 8.1171e-01, 1.5491e-01],
        [1.3711e-01, 1.0298e-01, 7.5990e-01],
        [9.9996e-01, 2.9236e-05, 1.2154e-05],
        [5.3618e-02, 9.4618e-01, 2.0101e-04],
        [9.9587e-01, 4.1221e-03, 5.4522e-06],
        [4.3002e-06, 1.8512e-04, 9.9981e-01],
        [3.9756e-05, 6.7435e-02, 9.3253e-01],
        [1.5679e-06, 1.0061e-03, 9.9899e-01],
        [2.0200e-05, 9.5870e-01, 4.1278e-02],
        [8.5363e-05, 1.5244e-05, 9.9990e-01],
        [1.0476e-05, 3.8108e-04, 9.9961e-01],
        [5.0483e-06, 2.8126e-05, 9.9997e-01],
        [9.5706e-01, 4.2802e-02, 1.3424e-04],
        [6.4254e-05, 7.7651e-02, 9.2228e-01],
        [3.0497e-03, 6.5943e-06, 9.9694e-01],
        [3.7431e-04, 1.9374e-01, 8.0588e-01],
        [2.0536e-05, 1.0253e-06, 9.9998e-01],
        [6.4443e-03, 9.9057e-01, 2.9849e-03],
        [8.5193e-01, 1.4806e-01, 9.2133e-06],
        [9.9612e-01, 4.1986e-06, 3.8773e-03],
        [1.1281e-05, 7.0226e-06, 9.9998e-01],
        [8.2725e-07, 2.5585e-05, 9.9997e-01],
        [4.3715e-05, 3.7608e-03, 9.9620e-01],
        [2.1705e-03, 9.9765e-01, 1.8427e-04],
        [2.3897e-06, 3.6361e-06, 9.9999e-01],
        [2.7750e-04, 3.9681e-01, 6.0291e-01],
        [5.3979e-05, 6.6820e-07, 9.9995e-01],
        [1.6160e-03, 2.4241e-04, 9.9814e-01],
        [1.1877e-04, 9.0891e-06, 9.9987e-01],
        [4.3286e-06, 1.9680e-03, 9.9803e-01],
        [8.7340e-06, 3.4656e-04, 9.9964e-01],
        [9.9997e-01, 1.5640e-06, 2.8248e-05],
        [1.1678e-05, 8.6393e-04, 9.9912e-01],
        [2.1314e-05, 8.4262e-01, 1.5736e-01],
        [9.9760e-01, 2.1960e-05, 2.3737e-03],
        [6.4111e-02, 4.4891e-02, 8.9100e-01],
        [1.2746e-05, 4.8387e-04, 9.9950e-01],
        [1.4382e-06, 3.0856e-06, 1.0000e+00],
        [3.2342e-02, 1.0019e-02, 9.5764e-01],
        [5.9378e-06, 1.2909e-03, 9.9870e-01],
        [9.8043e-01, 1.9565e-02, 4.2148e-06],
        [7.6383e-04, 9.9760e-01, 1.6335e-03],
        [3.9940e-02, 3.7387e-01, 5.8619e-01],
        [3.4947e-06, 1.0298e-05, 9.9999e-01],
        [3.4688e-06, 8.5229e-04, 9.9914e-01],
        [9.5760e-03, 8.4411e-01, 1.4631e-01],
        [3.4342e-03, 9.9390e-01, 2.6670e-03],
        [9.9937e-01, 3.2615e-06, 6.2815e-04],
        [4.3212e-05, 1.1725e-05, 9.9995e-01],
        [8.7905e-02, 8.2791e-03, 9.0382e-01],
        [3.0407e-04, 8.3216e-04, 9.9886e-01],
        [3.9345e-05, 4.2778e-01, 5.7218e-01],
        [1.0703e-05, 3.8494e-01, 6.1505e-01],
        [3.3667e-02, 9.1321e-01, 5.3119e-02],
        [8.5213e-06, 9.9887e-03, 9.9000e-01],
        [2.7529e-06, 3.3756e-05, 9.9996e-01],
        [7.5779e-06, 6.1635e-05, 9.9993e-01],
        [1.6088e-03, 8.2135e-01, 1.7704e-01],
        [8.4208e-05, 1.8139e-05, 9.9990e-01],
        [4.4126e-03, 4.1546e-02, 9.5404e-01],
        [1.9260e-05, 2.4158e-03, 9.9757e-01],
        [1.7426e-04, 2.5130e-05, 9.9980e-01],
        [4.6330e-07, 3.7095e-05, 9.9996e-01],
        [4.8086e-05, 9.9988e-01, 7.2094e-05],
        [2.1323e-04, 9.5668e-01, 4.3104e-02],
        [8.1218e-02, 8.9568e-01, 2.3104e-02],
        [3.3010e-02, 2.3292e-05, 9.6697e-01],
        [1.6149e-04, 6.5537e-06, 9.9983e-01],
        [8.9374e-07, 3.5320e-06, 1.0000e+00],
        [8.2001e-06, 1.5499e-05, 9.9998e-01],
        [6.4576e-05, 7.3186e-04, 9.9920e-01],
        [4.5373e-05, 8.6961e-01, 1.3035e-01],
        [6.7537e-05, 1.8207e-06, 9.9993e-01],
        [1.7224e-04, 8.7130e-01, 1.2852e-01],
        [4.2015e-01, 5.7984e-01, 8.7100e-06],
        [1.0884e-03, 3.7739e-06, 9.9891e-01],
        [3.1975e-06, 6.2758e-06, 9.9999e-01],
        [5.6704e-06, 9.9513e-01, 4.8674e-03],
        [6.2491e-02, 5.2690e-03, 9.3224e-01],
        [3.5441e-05, 9.9435e-01, 5.6190e-03],
        [3.1550e-02, 9.2734e-01, 4.1107e-02],
        [6.7514e-05, 1.3010e-05, 9.9992e-01],
        [5.8761e-06, 9.4466e-01, 5.5339e-02],
        [2.3641e-06, 2.1024e-05, 9.9998e-01],
        [2.8581e-06, 1.3559e-05, 9.9998e-01],
        [3.0834e-05, 9.4152e-04, 9.9903e-01],
        [6.8013e-04, 6.3938e-02, 9.3538e-01],
        [1.2610e-05, 1.3481e-06, 9.9999e-01],
        [1.3474e-05, 6.2524e-05, 9.9992e-01]])
  6%|▌         | 2/36 [00:07<02:03,  3.62s/it]tensor([[9.9553e-01, 8.7686e-06, 4.4651e-03],
        [1.2619e-05, 9.5087e-06, 9.9998e-01],
        [8.3900e-06, 1.5800e-06, 9.9999e-01],
        [3.2297e-06, 1.0314e-04, 9.9989e-01],
        [1.0462e-05, 7.0506e-06, 9.9998e-01],
        [9.0171e-01, 3.6343e-05, 9.8251e-02],
        [2.4322e-05, 5.8404e-04, 9.9939e-01],
        [2.1640e-04, 9.9941e-01, 3.6915e-04],
        [5.7552e-02, 1.6202e-02, 9.2625e-01],
        [8.5428e-06, 1.4542e-04, 9.9985e-01],
        [1.2367e-03, 2.7325e-05, 9.9874e-01],
        [8.2118e-01, 1.1889e-05, 1.7881e-01],
        [4.5697e-05, 4.5919e-06, 9.9995e-01],
        [6.1366e-05, 9.8831e-01, 1.1625e-02],
        [1.0369e-06, 5.9884e-05, 9.9994e-01],
        [8.8398e-06, 6.7318e-05, 9.9992e-01],
        [5.6889e-05, 9.3999e-01, 5.9953e-02],
        [3.4158e-05, 1.7273e-03, 9.9824e-01],
        [5.4669e-06, 4.1653e-06, 9.9999e-01],
        [4.0326e-05, 9.9993e-01, 2.7613e-05],
        [2.6503e-04, 2.9903e-05, 9.9971e-01],
        [7.3485e-01, 1.0149e-05, 2.6514e-01],
        [2.9955e-06, 1.9000e-05, 9.9998e-01],
        [7.9173e-02, 4.3318e-01, 4.8765e-01],
        [1.0267e-05, 4.5135e-04, 9.9954e-01],
        [1.5577e-02, 1.4562e-01, 8.3880e-01],
        [9.9971e-01, 2.6268e-04, 3.1836e-05],
        [4.5108e-03, 9.9231e-01, 3.1748e-03],
        [2.0103e-03, 3.8013e-04, 9.9761e-01],
        [1.0823e-04, 9.9942e-01, 4.7165e-04],
        [3.9180e-03, 9.9484e-01, 1.2442e-03],
        [2.8515e-01, 4.9114e-03, 7.0994e-01],
        [3.6764e-02, 9.4286e-01, 2.0377e-02],
        [9.9992e-01, 6.4791e-06, 7.3557e-05],
        [3.2213e-06, 2.7198e-06, 9.9999e-01],
        [1.8687e-05, 1.6675e-06, 9.9998e-01],
        [1.2856e-05, 2.9357e-03, 9.9705e-01],
        [1.8443e-05, 6.6657e-06, 9.9997e-01],
        [9.3981e-02, 4.3746e-01, 4.6856e-01],
        [1.7331e-04, 3.6677e-01, 6.3305e-01],
        [8.2908e-07, 7.1513e-06, 9.9999e-01],
        [3.6952e-05, 8.7237e-05, 9.9988e-01],
        [2.6124e-04, 1.2771e-03, 9.9846e-01],
        [5.6002e-06, 7.3833e-02, 9.2616e-01],
        [1.6716e-02, 9.8293e-01, 3.5582e-04],
        [4.9737e-06, 4.8613e-06, 9.9999e-01],
        [1.0654e-05, 6.0640e-03, 9.9393e-01],
        [4.1699e-04, 1.5569e-06, 9.9958e-01],
        [3.4461e-06, 4.4206e-03, 9.9558e-01],
        [5.5230e-04, 1.0162e-05, 9.9944e-01],
        [3.0516e-06, 2.8524e-03, 9.9714e-01],
        [1.2166e-03, 9.7964e-01, 1.9143e-02],
        [2.7276e-05, 3.1253e-02, 9.6872e-01],
        [2.2282e-05, 9.9312e-01, 6.8587e-03],
        [1.0182e-03, 9.8494e-01, 1.4039e-02],
        [2.9107e-04, 8.2893e-04, 9.9888e-01],
        [9.9991e-01, 1.4777e-06, 8.4698e-05],
        [4.8455e-06, 1.4127e-04, 9.9985e-01],
        [9.9901e-01, 1.2910e-05, 9.7776e-04],
        [6.4776e-06, 5.5172e-01, 4.4827e-01],
        [8.3342e-07, 3.1524e-04, 9.9968e-01],
        [9.5461e-04, 9.9875e-01, 2.9813e-04],
        [8.2485e-01, 4.1308e-03, 1.7102e-01],
        [2.7971e-06, 5.5531e-04, 9.9944e-01],
        [1.5739e-05, 9.3695e-07, 9.9998e-01],
        [1.4297e-02, 9.8085e-01, 4.8539e-03],
        [1.2256e-03, 9.9802e-01, 7.5297e-04],
        [2.0681e-04, 8.4430e-01, 1.5549e-01],
        [8.0475e-04, 7.4628e-03, 9.9173e-01],
        [3.2110e-06, 2.3868e-04, 9.9976e-01],
        [1.0097e-06, 1.2778e-04, 9.9987e-01],
        [2.5823e-04, 9.9796e-01, 1.7856e-03],
        [2.7032e-04, 5.6893e-04, 9.9916e-01],
        [1.9575e-05, 1.3011e-05, 9.9997e-01],
        [9.1342e-05, 2.8801e-04, 9.9962e-01],
        [4.4930e-05, 2.0392e-02, 9.7956e-01],
        [7.1800e-06, 8.0698e-01, 1.9302e-01],
        [9.9279e-01, 9.1293e-05, 7.1228e-03],
        [9.9996e-01, 3.9362e-05, 3.7399e-06],
        [2.3426e-05, 3.6985e-05, 9.9994e-01],
        [9.9737e-01, 2.6174e-03, 1.6549e-05],
        [1.1574e-04, 1.4554e-01, 8.5435e-01],
        [8.2940e-01, 9.0118e-06, 1.7059e-01],
        [1.5188e-05, 1.6058e-04, 9.9982e-01],
        [8.1703e-07, 4.1133e-03, 9.9589e-01],
        [1.3013e-02, 1.9263e-02, 9.6772e-01],
        [6.9478e-06, 9.8678e-01, 1.3217e-02],
        [2.4152e-06, 1.7781e-04, 9.9982e-01],
        [8.0553e-04, 3.1410e-04, 9.9888e-01],
        [1.2055e-02, 9.8717e-01, 7.7973e-04],
        [1.2287e-05, 4.9711e-06, 9.9998e-01],
        [1.2781e-04, 1.1312e-06, 9.9987e-01],
        [2.3292e-04, 7.5823e-04, 9.9901e-01],
        [3.4438e-04, 9.9942e-01, 2.3838e-04],
        [3.6038e-03, 9.5081e-01, 4.5588e-02],
        [5.0317e-06, 5.9749e-05, 9.9994e-01],
        [8.1066e-05, 5.9413e-01, 4.0579e-01],
        [9.9874e-01, 1.2424e-03, 1.9491e-05],
        [1.7777e-06, 3.3870e-03, 9.9661e-01],
        [4.1748e-06, 1.2670e-03, 9.9873e-01],
        [2.1178e-03, 2.4067e-06, 9.9788e-01],
        [1.5446e-05, 2.0539e-05, 9.9996e-01],
        [1.5841e-05, 9.9832e-07, 9.9998e-01],
        [1.5329e-05, 2.5257e-01, 7.4742e-01],
        [8.7433e-02, 9.0784e-01, 4.7241e-03],
        [2.2840e-05, 2.1182e-06, 9.9997e-01],
        [6.9925e-05, 3.0875e-06, 9.9993e-01],
        [5.1501e-05, 9.9090e-01, 9.0519e-03],
        [2.7751e-06, 1.2842e-04, 9.9987e-01],
        [9.9718e-01, 8.6246e-06, 2.8098e-03],
        [3.2682e-06, 1.1583e-06, 1.0000e+00],
        [9.8905e-05, 9.9398e-01, 5.9181e-03],
        [5.0774e-03, 4.6457e-01, 5.3035e-01],
        [7.0396e-06, 8.5325e-05, 9.9991e-01],
        [7.7017e-05, 9.9654e-01, 3.3808e-03],
        [2.9954e-05, 2.4550e-03, 9.9752e-01],
        [4.7760e-05, 1.1309e-04, 9.9984e-01],
        [9.9989e-01, 9.4690e-05, 1.9659e-05],
        [2.1980e-06, 7.7117e-03, 9.9229e-01],
        [2.0887e-03, 9.3782e-01, 6.0089e-02],
        [4.0539e-01, 2.2235e-02, 5.7238e-01],
        [7.3470e-04, 7.3196e-02, 9.2607e-01],
        [9.3666e-05, 9.9988e-01, 2.2695e-05],
        [3.7871e-06, 9.9967e-01, 3.3099e-04],
        [9.9810e-01, 1.0961e-05, 1.8899e-03],
        [1.4245e-05, 2.3707e-03, 9.9761e-01],
        [3.5435e-01, 2.1717e-02, 6.2393e-01],
        [1.6020e-02, 9.8383e-01, 1.4777e-04]])
  8%|▊         | 3/36 [00:10<01:48,  3.30s/it]tensor([[1.0763e-05, 1.4585e-05, 9.9997e-01],
        [1.7593e-03, 9.9761e-01, 6.2729e-04],
        [6.6575e-03, 6.2797e-03, 9.8706e-01],
        [1.5145e-05, 1.3506e-05, 9.9997e-01],
        [6.4403e-01, 2.1722e-02, 3.3424e-01],
        [2.6164e-05, 9.9993e-01, 4.3373e-05],
        [2.6931e-01, 7.3047e-01, 2.2581e-04],
        [4.2697e-01, 1.8532e-02, 5.5450e-01],
        [2.0561e-02, 9.6601e-01, 1.3432e-02],
        [9.9661e-01, 7.1170e-06, 3.3824e-03],
        [2.0774e-05, 1.5556e-03, 9.9842e-01],
        [2.8574e-03, 9.9631e-01, 8.3154e-04],
        [3.0103e-05, 9.8771e-01, 1.2263e-02],
        [1.2331e-01, 8.3594e-01, 4.0751e-02],
        [1.4974e-05, 1.1720e-06, 9.9998e-01],
        [6.2386e-05, 1.8029e-06, 9.9994e-01],
        [7.9109e-04, 5.5687e-06, 9.9920e-01],
        [1.0247e-06, 4.8834e-05, 9.9995e-01],
        [6.4129e-05, 7.7885e-02, 9.2205e-01],
        [1.1917e-06, 7.1770e-06, 9.9999e-01],
        [1.3589e-05, 6.9930e-05, 9.9992e-01],
        [2.2606e-03, 9.9519e-01, 2.5480e-03],
        [9.9952e-01, 2.2945e-05, 4.5375e-04],
        [4.0975e-01, 5.8196e-01, 8.2884e-03],
        [5.7132e-05, 9.9427e-01, 5.6768e-03],
        [2.3048e-05, 4.8035e-06, 9.9997e-01],
        [9.9999e-01, 4.7605e-06, 9.6388e-06],
        [7.4773e-02, 4.7293e-01, 4.5230e-01],
        [1.7899e-03, 3.6172e-04, 9.9785e-01],
        [3.1355e-04, 9.9913e-01, 5.5235e-04],
        [1.3788e-05, 1.1655e-01, 8.8343e-01],
        [9.2001e-06, 9.9997e-01, 2.3717e-05],
        [2.3248e-05, 1.2093e-05, 9.9996e-01],
        [9.9931e-01, 6.8378e-04, 4.7064e-06],
        [9.9974e-01, 4.7306e-06, 2.5537e-04],
        [6.0664e-06, 2.9185e-05, 9.9996e-01],
        [2.0096e-06, 1.9039e-04, 9.9981e-01],
        [6.2542e-03, 9.9146e-01, 2.2860e-03],
        [1.0831e-05, 1.0433e-06, 9.9999e-01],
        [1.5922e-04, 9.9934e-01, 5.0072e-04],
        [4.3746e-03, 6.6640e-02, 9.2899e-01],
        [6.6666e-03, 3.7367e-02, 9.5597e-01],
        [3.3797e-03, 3.0293e-03, 9.9359e-01],
        [3.2276e-04, 6.0506e-05, 9.9962e-01],
        [1.7720e-02, 5.2463e-05, 9.8223e-01],
        [9.0491e-06, 1.3168e-05, 9.9998e-01],
        [5.0645e-06, 9.8547e-01, 1.4521e-02],
        [4.0316e-02, 9.2564e-01, 3.4040e-02],
        [7.0169e-07, 3.8398e-03, 9.9616e-01],
        [5.8016e-06, 9.6456e-01, 3.5439e-02],
        [6.4789e-06, 1.7392e-06, 9.9999e-01],
        [9.9997e-01, 1.4920e-05, 1.3540e-05],
        [7.3424e-06, 1.1831e-06, 9.9999e-01],
        [6.4237e-05, 7.2621e-01, 2.7373e-01],
        [9.9737e-01, 2.4197e-03, 2.1357e-04],
        [3.4258e-06, 4.0807e-06, 9.9999e-01],
        [6.6588e-06, 6.0564e-04, 9.9939e-01],
        [1.0644e-04, 1.6187e-02, 9.8371e-01],
        [1.2618e-03, 6.1779e-02, 9.3696e-01],
        [1.4251e-04, 9.8953e-01, 1.0324e-02],
        [9.9880e-01, 1.1798e-03, 2.0729e-05],
        [3.1943e-04, 9.9878e-01, 8.9840e-04],
        [1.0251e-02, 9.8969e-01, 5.6981e-05],
        [2.1532e-05, 4.6294e-07, 9.9998e-01],
        [4.3826e-06, 1.5038e-02, 9.8496e-01],
        [9.1564e-07, 3.5883e-04, 9.9964e-01],
        [6.8776e-06, 1.5741e-05, 9.9998e-01],
        [5.3278e-06, 4.3004e-06, 9.9999e-01],
        [2.3747e-06, 4.2500e-02, 9.5750e-01],
        [4.5112e-05, 1.0933e-02, 9.8902e-01],
        [6.0287e-05, 1.1205e-02, 9.8874e-01],
        [9.8768e-07, 5.8856e-05, 9.9994e-01],
        [8.8704e-01, 1.1128e-01, 1.6797e-03],
        [3.3735e-06, 3.9555e-05, 9.9996e-01],
        [1.0151e-02, 5.7220e-01, 4.1765e-01],
        [9.9794e-01, 2.0572e-03, 3.4258e-06],
        [3.5018e-05, 6.8052e-01, 3.1945e-01],
        [9.9929e-01, 2.9682e-04, 4.0998e-04],
        [5.9776e-05, 1.0364e-06, 9.9994e-01],
        [6.4477e-05, 1.1267e-01, 8.8727e-01],
        [4.3044e-05, 9.2321e-01, 7.6751e-02],
        [2.4275e-06, 4.5195e-04, 9.9955e-01],
        [1.1536e-05, 1.3236e-05, 9.9998e-01],
        [2.1443e-05, 8.8557e-01, 1.1441e-01],
        [2.1043e-05, 6.0498e-05, 9.9992e-01],
        [1.2301e-04, 9.9880e-01, 1.0769e-03],
        [1.1500e-01, 8.8497e-01, 3.5173e-05],
        [2.6881e-02, 1.1996e-04, 9.7300e-01],
        [6.5278e-06, 1.1317e-04, 9.9988e-01],
        [9.9975e-01, 6.9217e-06, 2.4364e-04],
        [5.9376e-06, 9.9977e-01, 2.2095e-04],
        [1.2581e-05, 8.9974e-01, 1.0025e-01],
        [3.0727e-05, 9.9916e-01, 8.1188e-04],
        [9.9992e-01, 5.7498e-05, 2.5889e-05],
        [1.3402e-06, 2.7900e-04, 9.9972e-01],
        [3.4139e-05, 8.6696e-01, 1.3301e-01],
        [9.7439e-03, 3.5419e-01, 6.3607e-01],
        [3.1032e-01, 6.6190e-01, 2.7781e-02],
        [2.1540e-05, 7.4709e-05, 9.9990e-01],
        [1.6945e-05, 3.2672e-02, 9.6731e-01],
        [3.6535e-06, 9.9702e-01, 2.9787e-03],
        [2.2864e-06, 6.0703e-06, 9.9999e-01],
        [1.9423e-05, 2.2746e-06, 9.9998e-01],
        [8.8545e-04, 6.8176e-04, 9.9843e-01],
        [9.9951e-01, 4.7761e-04, 1.0625e-05],
        [8.2342e-01, 6.5717e-05, 1.7652e-01],
        [4.5697e-05, 9.4085e-01, 5.9100e-02],
        [9.9997e-01, 1.2841e-05, 1.3891e-05],
        [2.8861e-05, 8.2423e-07, 9.9997e-01],
        [2.7266e-05, 1.1629e-05, 9.9996e-01],
        [1.6835e-02, 9.3497e-01, 4.8190e-02],
        [5.7757e-05, 2.1709e-02, 9.7823e-01],
        [1.4038e-05, 4.9379e-04, 9.9949e-01],
        [1.1995e-05, 9.9039e-01, 9.5993e-03],
        [9.3774e-01, 6.2134e-02, 1.2497e-04],
        [6.3059e-06, 3.1834e-06, 9.9999e-01],
        [4.6233e-06, 4.8293e-06, 9.9999e-01],
        [3.7725e-04, 1.0878e-03, 9.9854e-01],
        [3.8602e-07, 1.5290e-04, 9.9985e-01],
        [1.5820e-06, 6.9085e-04, 9.9931e-01],
        [7.5074e-04, 9.6179e-01, 3.7464e-02],
        [5.1164e-05, 1.9424e-01, 8.0570e-01],
        [5.8681e-05, 1.0251e-03, 9.9892e-01],
        [3.1522e-05, 1.4449e-06, 9.9997e-01],
        [9.5544e-05, 1.7268e-03, 9.9818e-01],
        [1.0505e-02, 7.4014e-01, 2.4936e-01],
        [1.8361e-02, 9.1279e-01, 6.8851e-02],
        [1.9070e-03, 3.3209e-01, 6.6600e-01]])
 11%|█         | 4/36 [00:13<01:48,  3.38s/it]tensor([[2.7956e-05, 3.4969e-01, 6.5028e-01],
        [1.3075e-04, 9.9968e-01, 1.9212e-04],
        [8.2588e-01, 4.3761e-05, 1.7408e-01],
        [4.8385e-05, 2.4424e-03, 9.9751e-01],
        [9.3488e-04, 8.0294e-01, 1.9613e-01],
        [2.6797e-02, 9.7217e-01, 1.0310e-03],
        [9.9553e-01, 4.3911e-03, 8.1468e-05],
        [1.3317e-05, 9.9539e-01, 4.5992e-03],
        [1.8399e-06, 1.5352e-04, 9.9984e-01],
        [2.7008e-01, 7.2949e-01, 4.3408e-04],
        [9.6616e-05, 1.8448e-01, 8.1542e-01],
        [3.7475e-05, 2.0161e-06, 9.9996e-01],
        [7.5845e-01, 1.6267e-03, 2.3992e-01],
        [1.7823e-04, 9.9895e-01, 8.6713e-04],
        [1.1734e-04, 1.2614e-01, 8.7374e-01],
        [2.3235e-03, 1.6998e-05, 9.9766e-01],
        [4.2550e-05, 1.2584e-05, 9.9994e-01],
        [7.2033e-06, 5.1986e-05, 9.9994e-01],
        [1.8943e-06, 4.2169e-06, 9.9999e-01],
        [2.5285e-06, 4.2797e-06, 9.9999e-01],
        [1.5117e-05, 1.2407e-06, 9.9998e-01],
        [1.4521e-04, 1.8376e-03, 9.9802e-01],
        [9.2174e-05, 3.7937e-03, 9.9611e-01],
        [8.6755e-05, 5.9891e-03, 9.9392e-01],
        [1.0250e-04, 8.4879e-04, 9.9905e-01],
        [6.1213e-04, 1.7869e-03, 9.9760e-01],
        [2.8105e-02, 1.8341e-05, 9.7188e-01],
        [1.1087e-05, 9.9785e-01, 2.1352e-03],
        [1.5532e-02, 3.4822e-01, 6.3625e-01],
        [3.6530e-04, 9.9937e-01, 2.6148e-04],
        [4.5376e-04, 9.9825e-01, 1.2931e-03],
        [1.0659e-03, 3.8809e-04, 9.9855e-01],
        [5.7962e-04, 4.3254e-01, 5.6688e-01],
        [8.5321e-05, 7.5270e-05, 9.9984e-01],
        [4.7786e-06, 2.4084e-05, 9.9997e-01],
        [2.6648e-04, 8.9262e-04, 9.9884e-01],
        [2.1148e-02, 3.8364e-04, 9.7847e-01],
        [4.3328e-06, 2.5763e-05, 9.9997e-01],
        [1.4954e-05, 9.9945e-01, 5.3525e-04],
        [1.3063e-02, 2.1804e-01, 7.6889e-01],
        [1.1700e-02, 1.0720e-01, 8.8110e-01],
        [9.9984e-01, 3.3266e-05, 1.2649e-04],
        [9.5223e-07, 4.6778e-05, 9.9995e-01],
        [1.7491e-05, 1.3612e-01, 8.6386e-01],
        [6.5220e-06, 1.7862e-03, 9.9821e-01],
        [4.1960e-06, 5.2212e-05, 9.9994e-01],
        [1.7427e-05, 1.9252e-02, 9.8073e-01],
        [2.7473e-04, 2.5641e-01, 7.4331e-01],
        [4.5791e-05, 1.0389e-05, 9.9994e-01],
        [9.9809e-01, 1.0583e-05, 1.9041e-03],
        [3.1832e-05, 9.9707e-01, 2.9019e-03],
        [1.5729e-06, 1.3298e-03, 9.9867e-01],
        [2.0219e-05, 1.4598e-05, 9.9997e-01],
        [4.2532e-03, 3.2265e-04, 9.9542e-01],
        [4.9410e-06, 9.0071e-07, 9.9999e-01],
        [1.6592e-06, 4.3075e-04, 9.9957e-01],
        [3.9789e-05, 4.3036e-05, 9.9992e-01],
        [9.9997e-01, 2.6592e-05, 6.2532e-06],
        [1.2347e-05, 8.8513e-07, 9.9999e-01],
        [2.1628e-01, 6.2024e-01, 1.6348e-01],
        [4.7040e-05, 3.9632e-06, 9.9995e-01],
        [9.4424e-02, 2.2283e-05, 9.0555e-01],
        [9.8584e-05, 4.8939e-04, 9.9941e-01],
        [3.1517e-02, 2.9242e-03, 9.6556e-01],
        [3.0340e-01, 2.4256e-02, 6.7235e-01],
        [7.9898e-06, 1.0072e-04, 9.9989e-01],
        [1.3541e-06, 6.2047e-06, 9.9999e-01],
        [7.6646e-06, 8.4561e-06, 9.9998e-01],
        [2.7184e-05, 9.9990e-01, 7.5770e-05],
        [6.2117e-06, 3.2269e-06, 9.9999e-01],
        [4.4687e-05, 1.7124e-04, 9.9978e-01],
        [7.1158e-02, 9.2417e-01, 4.6755e-03],
        [6.4284e-02, 7.1638e-01, 2.1934e-01],
        [3.7586e-05, 5.5804e-03, 9.9438e-01],
        [2.5583e-06, 5.0602e-06, 9.9999e-01],
        [5.6760e-06, 2.0017e-03, 9.9799e-01],
        [8.6801e-01, 1.3198e-01, 1.3318e-05],
        [3.2305e-04, 9.1077e-01, 8.8906e-02],
        [1.1500e-03, 1.5455e-01, 8.4430e-01],
        [1.0989e-06, 4.2437e-05, 9.9996e-01],
        [3.3989e-04, 3.8626e-01, 6.1340e-01],
        [7.9048e-04, 9.9014e-01, 9.0663e-03],
        [1.5512e-03, 9.1452e-01, 8.3929e-02],
        [3.6908e-03, 8.4306e-01, 1.5325e-01],
        [3.7978e-06, 1.7459e-06, 9.9999e-01],
        [5.9447e-06, 9.8731e-01, 1.2680e-02],
        [6.0771e-03, 9.9046e-01, 3.4606e-03],
        [1.4957e-01, 1.3415e-03, 8.4909e-01],
        [5.1041e-06, 3.4007e-05, 9.9996e-01],
        [4.8930e-04, 4.2210e-02, 9.5730e-01],
        [1.3425e-04, 2.6965e-03, 9.9717e-01],
        [9.9995e-01, 2.0837e-05, 2.6486e-05],
        [1.9433e-05, 9.9993e-01, 4.8034e-05],
        [4.8341e-06, 3.9135e-04, 9.9960e-01],
        [8.8662e-05, 5.1909e-04, 9.9939e-01],
        [1.3318e-02, 9.8647e-01, 2.0850e-04],
        [5.8860e-06, 9.9108e-01, 8.9098e-03],
        [1.2126e-02, 8.3273e-03, 9.7955e-01],
        [7.4952e-06, 2.7494e-06, 9.9999e-01],
        [1.6460e-05, 9.9910e-01, 8.8211e-04],
        [7.0628e-03, 6.9525e-02, 9.2341e-01],
        [1.3710e-04, 9.0105e-01, 9.8813e-02],
        [8.8614e-01, 9.0689e-02, 2.3168e-02],
        [3.5515e-06, 3.3233e-03, 9.9667e-01],
        [6.2928e-04, 5.1834e-02, 9.4754e-01],
        [3.9233e-03, 9.2302e-01, 7.3061e-02],
        [2.0963e-05, 2.7564e-06, 9.9998e-01],
        [2.0159e-05, 9.2446e-07, 9.9998e-01],
        [1.5844e-05, 1.0454e-06, 9.9998e-01],
        [4.3961e-06, 6.2612e-06, 9.9999e-01],
        [3.2962e-06, 6.5182e-06, 9.9999e-01],
        [1.8640e-04, 9.9964e-01, 1.7592e-04],
        [7.9892e-03, 9.9197e-01, 4.0784e-05],
        [1.3608e-04, 1.2769e-04, 9.9974e-01],
        [4.3673e-02, 9.2064e-01, 3.5682e-02],
        [3.5234e-06, 6.9305e-06, 9.9999e-01],
        [1.2693e-04, 4.5176e-02, 9.5470e-01],
        [9.1451e-03, 3.4448e-02, 9.5641e-01],
        [3.1255e-06, 1.8893e-05, 9.9998e-01],
        [1.0845e-02, 3.6531e-02, 9.5262e-01],
        [4.7532e-04, 7.7134e-03, 9.9181e-01],
        [2.9210e-05, 1.2490e-06, 9.9997e-01],
        [1.2318e-06, 6.8089e-06, 9.9999e-01],
        [4.1602e-06, 4.8141e-05, 9.9995e-01],
        [1.3700e-06, 2.1730e-06, 1.0000e+00],
        [6.5413e-07, 1.6563e-06, 1.0000e+00],
        [1.9682e-05, 3.7110e-06, 9.9998e-01],
        [2.2859e-06, 3.2558e-05, 9.9997e-01]])
 14%|█▍        | 5/36 [00:18<01:52,  3.63s/it]tensor([[9.0600e-01, 2.8136e-02, 6.5868e-02],
        [2.0447e-05, 8.4312e-06, 9.9997e-01],
        [7.2874e-03, 9.6411e-03, 9.8307e-01],
        [3.6039e-02, 9.6379e-01, 1.6931e-04],
        [3.0268e-04, 9.9726e-01, 2.4408e-03],
        [3.3334e-04, 1.0042e-03, 9.9866e-01],
        [9.9974e-01, 2.5193e-04, 6.2989e-06],
        [9.9998e-01, 1.2608e-05, 4.5956e-06],
        [4.3711e-02, 8.4011e-01, 1.1618e-01],
        [1.1489e-04, 4.5990e-06, 9.9988e-01],
        [6.6290e-06, 7.3437e-06, 9.9999e-01],
        [1.6316e-05, 3.0690e-02, 9.6929e-01],
        [9.9984e-01, 1.5461e-04, 2.4104e-06],
        [8.5937e-05, 8.4660e-01, 1.5331e-01],
        [3.1870e-06, 3.1048e-05, 9.9997e-01],
        [2.7437e-03, 1.7266e-03, 9.9553e-01],
        [4.2029e-05, 1.9416e-01, 8.0580e-01],
        [9.9994e-01, 5.7064e-05, 2.8463e-06],
        [4.1705e-05, 1.6022e-04, 9.9980e-01],
        [1.1152e-05, 1.4862e-06, 9.9999e-01],
        [9.9884e-01, 1.1571e-03, 3.5034e-06],
        [1.2682e-03, 9.9203e-01, 6.7068e-03],
        [3.7413e-01, 9.2403e-02, 5.3347e-01],
        [9.9996e-01, 4.9570e-06, 3.6019e-05],
        [9.7342e-04, 7.0955e-01, 2.8948e-01],
        [1.9094e-04, 1.0369e-06, 9.9981e-01],
        [7.6702e-05, 2.3470e-01, 7.6522e-01],
        [7.4902e-05, 9.9816e-01, 1.7656e-03],
        [4.8488e-06, 9.8913e-01, 1.0869e-02],
        [5.0900e-05, 1.0861e-04, 9.9984e-01],
        [4.0409e-06, 1.3271e-05, 9.9998e-01],
        [6.3307e-07, 6.0398e-05, 9.9994e-01],
        [3.9142e-02, 9.0110e-01, 5.9762e-02],
        [1.9309e-01, 1.2177e-02, 7.9474e-01],
        [6.5869e-05, 9.2966e-04, 9.9900e-01],
        [6.5640e-06, 5.6146e-04, 9.9943e-01],
        [7.0005e-05, 3.3928e-05, 9.9990e-01],
        [4.6793e-06, 1.5612e-05, 9.9998e-01],
        [6.1251e-06, 1.5599e-04, 9.9984e-01],
        [5.2202e-06, 1.3213e-06, 9.9999e-01],
        [1.0274e-05, 9.3670e-03, 9.9062e-01],
        [7.9764e-06, 2.1265e-04, 9.9978e-01],
        [1.3617e-05, 2.2802e-06, 9.9998e-01],
        [4.5867e-05, 1.1394e-04, 9.9984e-01],
        [5.0410e-06, 3.7691e-06, 9.9999e-01],
        [3.2588e-01, 6.6227e-01, 1.1853e-02],
        [3.3023e-01, 6.6955e-01, 2.2615e-04],
        [1.8792e-02, 5.5431e-02, 9.2578e-01],
        [1.0578e-05, 6.9683e-05, 9.9992e-01],
        [9.9374e-01, 4.8735e-05, 6.2138e-03],
        [5.0852e-06, 5.4483e-04, 9.9945e-01],
        [2.7150e-05, 3.8548e-05, 9.9993e-01],
        [1.4775e-05, 1.8145e-03, 9.9817e-01],
        [1.6914e-06, 6.4074e-06, 9.9999e-01],
        [5.8996e-05, 9.9989e-01, 5.3555e-05],
        [1.6139e-02, 9.7927e-01, 4.5956e-03],
        [9.9996e-01, 3.3938e-05, 2.1984e-06],
        [9.2520e-01, 7.4783e-02, 1.3619e-05],
        [9.7500e-01, 2.4853e-02, 1.4707e-04],
        [3.0603e-06, 2.5864e-04, 9.9974e-01],
        [7.9539e-06, 7.8901e-04, 9.9920e-01],
        [6.0873e-05, 9.9979e-01, 1.5146e-04],
        [7.7530e-07, 1.4363e-04, 9.9986e-01],
        [1.6224e-06, 3.3877e-05, 9.9996e-01],
        [4.5044e-05, 9.9725e-01, 2.7045e-03],
        [4.1352e-05, 1.4193e-02, 9.8577e-01],
        [6.7046e-03, 5.2071e-03, 9.8809e-01],
        [9.9989e-01, 9.4992e-05, 1.0143e-05],
        [3.6626e-04, 3.5155e-04, 9.9928e-01],
        [2.9435e-06, 1.9905e-02, 9.8009e-01],
        [2.7889e-01, 1.2797e-02, 7.0832e-01],
        [1.9173e-05, 7.6887e-05, 9.9990e-01],
        [8.5702e-02, 9.0840e-01, 5.8982e-03],
        [9.9706e-01, 2.9350e-03, 6.9532e-06],
        [9.9138e-01, 7.6197e-06, 8.6098e-03],
        [1.5256e-05, 9.9753e-01, 2.4575e-03],
        [5.1084e-06, 5.6131e-05, 9.9994e-01],
        [4.1337e-06, 5.2238e-06, 9.9999e-01],
        [2.0239e-05, 9.4638e-01, 5.3601e-02],
        [1.5795e-04, 1.6502e-04, 9.9968e-01],
        [2.6888e-06, 1.3942e-05, 9.9998e-01],
        [2.1558e-02, 4.4824e-01, 5.3021e-01],
        [7.5502e-05, 9.6618e-01, 3.3749e-02],
        [3.2637e-01, 6.7339e-01, 2.3350e-04],
        [3.7285e-04, 9.4494e-02, 9.0513e-01],
        [8.2097e-03, 9.7473e-01, 1.7063e-02],
        [7.5957e-06, 4.4910e-01, 5.5090e-01],
        [7.2804e-06, 6.3333e-03, 9.9366e-01],
        [9.2233e-01, 1.0198e-03, 7.6646e-02],
        [2.1056e-05, 4.5836e-05, 9.9993e-01],
        [6.1669e-04, 1.9148e-04, 9.9919e-01],
        [1.2838e-05, 4.6176e-04, 9.9953e-01],
        [1.8815e-06, 9.9943e-01, 5.6823e-04],
        [6.5919e-03, 1.0090e-02, 9.8332e-01],
        [9.3277e-06, 1.8553e-06, 9.9999e-01],
        [2.8261e-05, 9.8965e-01, 1.0322e-02],
        [4.2239e-04, 3.6749e-06, 9.9957e-01],
        [1.0470e-05, 9.8545e-01, 1.4538e-02],
        [1.1562e-05, 1.8626e-04, 9.9980e-01],
        [9.1190e-01, 6.2505e-02, 2.5599e-02],
        [3.4864e-01, 4.4623e-01, 2.0513e-01],
        [2.7239e-05, 9.9631e-01, 3.6645e-03],
        [6.5828e-01, 1.2698e-01, 2.1474e-01],
        [3.5663e-04, 5.5303e-02, 9.4434e-01],
        [5.5854e-05, 1.9809e-03, 9.9796e-01],
        [7.0555e-06, 5.8825e-04, 9.9940e-01],
        [1.4831e-04, 2.6500e-05, 9.9983e-01],
        [9.3499e-05, 1.0542e-04, 9.9980e-01],
        [8.3363e-06, 6.9824e-03, 9.9301e-01],
        [9.9991e-01, 2.1203e-05, 6.8309e-05],
        [5.3330e-04, 1.4511e-05, 9.9945e-01],
        [4.0988e-06, 1.9483e-06, 9.9999e-01],
        [1.7598e-02, 9.7323e-01, 9.1742e-03],
        [7.3135e-05, 2.8400e-05, 9.9990e-01],
        [6.3590e-06, 5.4736e-06, 9.9999e-01],
        [7.5114e-01, 1.8005e-01, 6.8816e-02],
        [2.1638e-04, 9.9448e-01, 5.3064e-03],
        [3.7201e-01, 3.2267e-01, 3.0533e-01],
        [3.5172e-06, 9.9682e-01, 3.1775e-03],
        [1.0235e-01, 1.6564e-04, 8.9749e-01],
        [3.0379e-03, 1.0684e-03, 9.9589e-01],
        [2.9514e-02, 9.7001e-01, 4.7141e-04],
        [9.9946e-01, 5.4021e-04, 6.4859e-07],
        [9.9602e-01, 1.5574e-05, 3.9615e-03],
        [6.9808e-05, 1.1077e-06, 9.9993e-01],
        [3.4436e-06, 5.1625e-04, 9.9948e-01],
        [7.1766e-06, 6.9533e-05, 9.9992e-01],
        [2.8057e-05, 1.9862e-03, 9.9799e-01]])
 17%|█▋        | 6/36 [00:20<01:39,  3.32s/it]tensor([[8.8906e-05, 3.5974e-05, 9.9988e-01],
        [1.0905e-04, 2.4613e-05, 9.9987e-01],
        [1.7057e-06, 2.3053e-02, 9.7695e-01],
        [1.0755e-05, 2.2854e-03, 9.9770e-01],
        [1.6144e-06, 9.9971e-01, 2.8797e-04],
        [6.3857e-03, 9.9147e-01, 2.1487e-03],
        [3.7681e-03, 9.9567e-01, 5.6147e-04],
        [5.9896e-06, 3.4498e-05, 9.9996e-01],
        [1.2652e-05, 3.4045e-06, 9.9998e-01],
        [2.0687e-06, 1.0772e-04, 9.9989e-01],
        [6.7516e-04, 3.0659e-01, 6.9273e-01],
        [8.9539e-05, 9.4722e-01, 5.2691e-02],
        [7.4669e-07, 2.2624e-06, 1.0000e+00],
        [4.7099e-05, 8.8390e-01, 1.1606e-01],
        [6.1033e-03, 9.7484e-01, 1.9059e-02],
        [2.8868e-06, 9.4716e-05, 9.9990e-01],
        [9.9790e-01, 2.0946e-03, 1.3881e-06],
        [9.3200e-03, 9.8366e-01, 7.0246e-03],
        [1.6133e-05, 1.5239e-03, 9.9846e-01],
        [4.8887e-03, 8.6996e-03, 9.8641e-01],
        [2.4475e-06, 9.9991e-01, 8.3395e-05],
        [3.3420e-06, 9.7300e-01, 2.6994e-02],
        [2.1950e-05, 2.1069e-02, 9.7891e-01],
        [2.2740e-06, 1.6201e-05, 9.9998e-01],
        [2.9665e-06, 1.0911e-02, 9.8909e-01],
        [9.9986e-01, 1.2295e-04, 1.2535e-05],
        [5.7196e-06, 3.6204e-04, 9.9963e-01],
        [7.1021e-04, 8.8211e-01, 1.1718e-01],
        [4.9351e-06, 8.7292e-06, 9.9999e-01],
        [5.2240e-05, 9.0555e-03, 9.9089e-01],
        [3.1597e-05, 3.2094e-02, 9.6787e-01],
        [7.0858e-05, 1.6384e-01, 8.3609e-01],
        [1.8157e-02, 9.4852e-01, 3.3323e-02],
        [1.1084e-05, 1.2350e-05, 9.9998e-01],
        [1.9990e-05, 9.9983e-01, 1.4854e-04],
        [7.8374e-05, 1.1945e-06, 9.9992e-01],
        [5.8147e-05, 1.0142e-04, 9.9984e-01],
        [9.7643e-02, 1.1827e-03, 9.0117e-01],
        [9.9992e-01, 2.1325e-05, 6.2335e-05],
        [1.1872e-05, 5.7293e-06, 9.9998e-01],
        [4.7949e-06, 1.7091e-05, 9.9998e-01],
        [1.0019e-04, 1.2323e-01, 8.7667e-01],
        [2.5128e-06, 4.7354e-04, 9.9952e-01],
        [3.4875e-01, 6.3659e-01, 1.4658e-02],
        [1.2618e-03, 5.6953e-04, 9.9817e-01],
        [7.2193e-06, 1.8935e-06, 9.9999e-01],
        [6.6022e-03, 9.9239e-01, 1.0116e-03],
        [8.5667e-06, 3.3497e-02, 9.6649e-01],
        [1.8635e-01, 8.1353e-01, 1.2205e-04],
        [4.0991e-02, 1.7468e-02, 9.4154e-01],
        [6.6596e-03, 9.7774e-01, 1.5605e-02],
        [8.5793e-05, 9.9977e-01, 1.4815e-04],
        [3.0580e-06, 2.0784e-06, 9.9999e-01],
        [3.1065e-05, 3.5621e-01, 6.4376e-01],
        [4.0410e-05, 3.8910e-05, 9.9992e-01],
        [3.2333e-04, 9.9738e-01, 2.2995e-03],
        [3.2363e-01, 5.8822e-01, 8.8152e-02],
        [2.9869e-01, 6.9958e-01, 1.7312e-03],
        [7.0569e-04, 1.3722e-01, 8.6208e-01],
        [1.1501e-03, 9.9567e-01, 3.1779e-03],
        [7.2883e-05, 3.5058e-05, 9.9989e-01],
        [3.8306e-04, 9.3407e-01, 6.5545e-02],
        [9.9977e-01, 9.1453e-05, 1.3365e-04],
        [1.0143e-05, 9.4154e-07, 9.9999e-01],
        [1.1654e-03, 9.0923e-01, 8.9608e-02],
        [8.7577e-06, 9.9751e-01, 2.4798e-03],
        [4.8623e-07, 2.2092e-04, 9.9978e-01],
        [4.5371e-03, 1.4523e-02, 9.8094e-01],
        [5.0673e-04, 9.0492e-07, 9.9949e-01],
        [4.5286e-05, 2.9149e-01, 7.0846e-01],
        [4.3884e-06, 2.7665e-06, 9.9999e-01],
        [5.6875e-06, 4.1084e-05, 9.9995e-01],
        [9.8879e-01, 9.9510e-03, 1.2631e-03],
        [8.7445e-04, 9.9582e-01, 3.3066e-03],
        [3.1026e-06, 3.3385e-05, 9.9996e-01],
        [8.0696e-05, 1.3896e-01, 8.6096e-01],
        [2.6667e-05, 9.6137e-01, 3.8602e-02],
        [4.3534e-06, 6.3571e-04, 9.9936e-01],
        [5.2014e-06, 1.6362e-06, 9.9999e-01],
        [9.9935e-01, 1.8502e-05, 6.3136e-04],
        [9.9854e-01, 2.3646e-04, 1.2241e-03],
        [3.5869e-05, 3.7982e-06, 9.9996e-01],
        [9.9980e-01, 1.8815e-04, 8.8916e-06],
        [2.6304e-05, 4.9497e-04, 9.9948e-01],
        [1.6713e-05, 7.1693e-07, 9.9998e-01],
        [6.0756e-04, 7.0677e-01, 2.9262e-01],
        [3.8111e-05, 1.3851e-06, 9.9996e-01],
        [5.4732e-05, 8.0075e-07, 9.9994e-01],
        [9.8420e-04, 1.6600e-05, 9.9900e-01],
        [7.6304e-06, 1.9105e-06, 9.9999e-01],
        [2.9434e-06, 6.5748e-06, 9.9999e-01],
        [9.1479e-01, 3.1320e-02, 5.3892e-02],
        [1.8758e-04, 7.5909e-01, 2.4072e-01],
        [3.4993e-05, 1.3213e-06, 9.9996e-01],
        [6.1677e-06, 4.0846e-05, 9.9995e-01],
        [9.5285e-01, 1.3678e-03, 4.5781e-02],
        [9.8879e-06, 4.6992e-07, 9.9999e-01],
        [6.1738e-07, 1.1811e-03, 9.9882e-01],
        [9.7719e-01, 2.2682e-02, 1.2643e-04],
        [3.4712e-04, 9.8407e-01, 1.5586e-02],
        [6.1740e-06, 1.0609e-03, 9.9893e-01],
        [1.7627e-05, 4.6043e-06, 9.9998e-01],
        [1.9845e-06, 7.1699e-03, 9.9283e-01],
        [2.4238e-05, 9.9689e-01, 3.0867e-03],
        [4.3999e-04, 9.9955e-01, 1.4381e-05],
        [6.2662e-05, 4.0038e-01, 5.9956e-01],
        [1.4813e-06, 6.4667e-04, 9.9935e-01],
        [1.5492e-04, 1.2941e-06, 9.9984e-01],
        [1.0577e-06, 1.2248e-04, 9.9988e-01],
        [2.0879e-01, 7.7498e-01, 1.6236e-02],
        [1.9325e-04, 3.8794e-04, 9.9942e-01],
        [8.8642e-03, 9.9016e-01, 9.7690e-04],
        [9.9879e-01, 1.0501e-03, 1.5559e-04],
        [9.9674e-01, 7.5946e-06, 3.2570e-03],
        [8.7965e-06, 1.1129e-04, 9.9988e-01],
        [1.4021e-06, 2.1269e-04, 9.9979e-01],
        [1.4458e-05, 3.6968e-01, 6.3030e-01],
        [9.9993e-01, 2.0194e-05, 4.9471e-05],
        [1.8765e-05, 7.7836e-01, 2.2163e-01],
        [1.0807e-05, 9.9998e-01, 1.1756e-05],
        [9.9107e-01, 8.9259e-03, 3.9401e-06],
        [1.1184e-03, 6.2740e-01, 3.7149e-01],
        [3.4373e-05, 9.5724e-07, 9.9996e-01],
        [6.7177e-02, 2.6091e-04, 9.3256e-01],
        [3.6774e-04, 9.8393e-01, 1.5701e-02],
        [3.2721e-05, 9.2842e-01, 7.1545e-02],
        [3.5430e-05, 6.3958e-03, 9.9357e-01],
        [3.2190e-03, 1.4413e-02, 9.8237e-01]])
 19%|█▉        | 7/36 [00:23<01:32,  3.20s/it]tensor([[2.8285e-04, 6.1338e-05, 9.9966e-01],
        [4.2059e-01, 5.7560e-01, 3.8063e-03],
        [1.6195e-06, 4.0516e-05, 9.9996e-01],
        [8.8315e-07, 3.6727e-04, 9.9963e-01],
        [2.0908e-05, 9.0204e-01, 9.7940e-02],
        [2.4338e-04, 9.0407e-01, 9.5690e-02],
        [9.9731e-01, 2.6430e-03, 5.0353e-05],
        [9.9994e-01, 5.2220e-05, 7.9170e-06],
        [5.3811e-05, 2.3615e-05, 9.9992e-01],
        [4.8252e-04, 6.7148e-02, 9.3237e-01],
        [9.9943e-01, 1.8094e-06, 5.6599e-04],
        [1.8811e-02, 9.6958e-01, 1.1608e-02],
        [1.9723e-03, 8.9623e-01, 1.0179e-01],
        [1.6211e-01, 4.7963e-01, 3.5825e-01],
        [1.5137e-04, 9.9856e-01, 1.2914e-03],
        [1.6853e-02, 9.9058e-02, 8.8409e-01],
        [9.3476e-05, 9.2966e-02, 9.0694e-01],
        [2.0462e-05, 6.5148e-03, 9.9346e-01],
        [6.9849e-06, 5.1339e-05, 9.9994e-01],
        [2.1698e-03, 8.9824e-01, 9.9593e-02],
        [5.4696e-06, 9.9950e-01, 4.9068e-04],
        [3.1357e-04, 3.5475e-01, 6.4494e-01],
        [1.0643e-04, 2.5023e-03, 9.9739e-01],
        [8.5324e-06, 5.0430e-05, 9.9994e-01],
        [6.2471e-06, 7.9602e-04, 9.9920e-01],
        [8.8573e-06, 8.4122e-03, 9.9158e-01],
        [2.4292e-02, 9.5790e-01, 1.7812e-02],
        [9.9650e-01, 3.4127e-03, 8.7245e-05],
        [1.9729e-03, 9.8663e-01, 1.1398e-02],
        [1.3518e-03, 8.7043e-01, 1.2822e-01],
        [5.9156e-02, 2.8061e-01, 6.6023e-01],
        [9.7076e-04, 9.8616e-01, 1.2869e-02],
        [2.6187e-01, 1.5385e-03, 7.3659e-01],
        [2.6311e-06, 9.2348e-07, 1.0000e+00],
        [1.3707e-06, 2.5470e-03, 9.9745e-01],
        [1.1402e-05, 9.8334e-01, 1.6653e-02],
        [6.8436e-04, 1.0487e-02, 9.8883e-01],
        [1.5774e-06, 9.5687e-05, 9.9990e-01],
        [3.5600e-06, 8.1542e-07, 1.0000e+00],
        [4.1777e-05, 1.3297e-04, 9.9983e-01],
        [8.6242e-05, 9.9991e-01, 4.2750e-06],
        [1.6192e-04, 9.8469e-01, 1.5147e-02],
        [1.0167e-04, 4.6211e-03, 9.9528e-01],
